[gd_scene load_steps=5 format=3 uid="uid://c8wjdhe4dtgeh"]

[ext_resource type="PackedScene" uid="uid://upc64ankdw4t" path="res://assets/models/box.glb" id="1_2q2a7"]
[ext_resource type="Material" uid="uid://b8hu7yrt4y8wo" path="res://assets/materials/cardboard_surface.material" id="2_k8vc4"]
[ext_resource type="Material" uid="uid://cvo6x3agwsorf" path="res://assets/materials/cardboard_edge.material" id="3_1g5pv"]

[sub_resource type="ConcavePolygonShape3D" id="ConcavePolygonShape3D_ssshi"]
margin = 0.0
data = PackedVector3Array(0.2, -0.125, 0.2, -0.2, 0.125, 0.2, -0.2, -0.125, 0.2, 0.2, -0.125, 0.2, 0.2, 0.125, 0.2, -0.2, 0.125, 0.2, -0.2, -0.125, 0.2, -0.2, 0.125, -0.2, -0.2, -0.125, -0.2, -0.2, -0.125, 0.2, -0.2, 0.125, 0.2, -0.2, 0.125, -0.2, -0.2, -0.125, -0.2, 0.2, -0.125, 0.2, -0.2, -0.125, 0.2, -0.2, -0.125, -0.2, 0.2, -0.125, -0.2, 0.2, -0.125, 0.2, 0.2, -0.125, -0.2, 0.2, 0.125, 0.2, 0.2, -0.125, 0.2, 0.2, -0.125, -0.2, 0.2, 0.125, -0.2, 0.2, 0.125, 0.2, -0.2, -0.125, -0.2, 0.2, 0.125, -0.2, 0.2, -0.125, -0.2, -0.2, -0.125, -0.2, -0.2, 0.125, -0.2, 0.2, 0.125, -0.2, 0.205, -0.13, 0.205, -0.205, 0.125, 0.205, 0.205, 0.125, 0.205, 0.205, -0.13, 0.205, -0.205, -0.13, 0.205, -0.205, 0.125, 0.205, -0.205, -0.13, 0.205, -0.205, 0.125, -0.205, -0.205, 0.125, 0.205, -0.205, -0.13, 0.205, -0.205, -0.13, -0.205, -0.205, 0.125, -0.205, -0.205, -0.13, -0.205, 0.205, -0.13, 0.205, 0.205, -0.13, -0.205, -0.205, -0.13, -0.205, -0.205, -0.13, 0.205, 0.205, -0.13, 0.205, 0.205, -0.13, -0.205, 0.205, 0.125, 0.205, 0.205, 0.125, -0.205, 0.205, -0.13, -0.205, 0.205, -0.13, 0.205, 0.205, 0.125, 0.205, -0.205, -0.13, -0.205, 0.205, 0.125, -0.205, -0.205, 0.125, -0.205, -0.205, -0.13, -0.205, 0.205, -0.13, -0.205, 0.205, 0.125, -0.205, -0.2, 0.125, 0.2, -0.205, 0.125, -0.205, -0.2, 0.125, -0.2, -0.2, 0.125, 0.2, -0.205, 0.125, 0.205, -0.205, 0.125, -0.205, -0.2, 0.125, -0.2, 0.205, 0.125, -0.205, 0.2, 0.125, -0.2, -0.2, 0.125, -0.2, -0.205, 0.125, -0.205, 0.205, 0.125, -0.205, 0.2, 0.125, 0.2, -0.205, 0.125, 0.205, -0.2, 0.125, 0.2, 0.2, 0.125, 0.2, 0.205, 0.125, 0.205, -0.205, 0.125, 0.205, 0.2, 0.125, 0.2, 0.205, 0.125, -0.205, 0.205, 0.125, 0.205, 0.2, 0.125, 0.2, 0.2, 0.125, -0.2, 0.205, 0.125, -0.205)

[node name="box" instance=ExtResource("1_2q2a7")]

[node name="Box" parent="." index="0"]
surface_material_override/0 = ExtResource("2_k8vc4")

[node name="LidR" parent="." index="1"]
transform = Transform3D(-0.918791, 0.394744, 0, -0.394744, -0.918791, 0, 0, 0, 1, 0.205, 0.125, 0)
surface_material_override/0 = ExtResource("2_k8vc4")
surface_material_override/1 = ExtResource("3_1g5pv")

[node name="LidF" parent="." index="2"]
transform = Transform3D(-6.29077e-08, 4.43238e-08, -1, -0.406783, -0.913525, -1.49012e-08, -0.913525, 0.406783, 7.54979e-08, 1.49012e-08, 0.125, 0.205)
surface_material_override/0 = ExtResource("2_k8vc4")
surface_material_override/1 = ExtResource("3_1g5pv")

[node name="LidL" parent="." index="3"]
transform = Transform3D(0.887156, -0.461471, 1.50996e-07, -0.461471, -0.887156, -1.33957e-07, 1.95774e-07, 4.91604e-08, -1, -0.205, 0.125, 0)
surface_material_override/0 = ExtResource("2_k8vc4")
surface_material_override/1 = ExtResource("3_1g5pv")

[node name="LidB" parent="." index="4"]
transform = Transform3D(3.3799e-08, -3.147e-08, 1, -0.408843, -0.912605, -1.49012e-08, 0.912605, -0.408843, -4.37114e-08, 0, 0.125, -0.205)
surface_material_override/0 = ExtResource("2_k8vc4")
surface_material_override/1 = ExtResource("3_1g5pv")

[node name="Bounds" type="StaticBody3D" parent="." index="6"]

[node name="Collider" type="CollisionShape3D" parent="Bounds" index="0"]
shape = SubResource("ConcavePolygonShape3D_ssshi")
